,Open BTCUSDT_SPOT,Open BTCUSDT_PERP,fundingRate,markPrice,cumulative funding rate
2023-11-21 16:00:00,36975.03,36975.8,0.0001,36978.81670103,0.0001
2023-11-22 00:00:00,35741.65,35737.0,0.0001,35745.39198625,0.0002
2023-11-22 08:00:00,36439.8,36430.7,0.0001,36435.97590206,0.00030000000000000003
2023-11-22 16:00:00,36481.15,36480.6,0.0001,36480.8557732,0.0004
2023-11-23 00:00:00,37408.35,37413.5,0.0001,37411.23448797,0.0005
2023-11-23 08:00:00,37369.22,37378.5,0.0001,37378.5,0.0006000000000000001
2023-11-23 16:00:00,36951.34,36954.1,0.0001,36954.0,0.0007000000000000001
2023-11-24 00:00:00,37294.27,37294.4,0.0001,37294.4,0.0008000000000000001
2023-11-24 08:00:00,37522.99,37531.1,0.0001,37530.0,0.0009000000000000002
2023-11-24 16:00:00,38221.1,38217.3,0.0001,38221.9,0.0010000000000000002
2023-11-25 00:00:00,37713.57,37706.3,0.0001,37706.3,0.0011000000000000003
2023-11-25 08:00:00,37802.4,37795.0,0.0001,37795.15536082,0.0012000000000000003
2023-11-25 16:00:00,37704.38,37697.7,0.0001,37696.51395533,0.0013000000000000004
2023-11-26 00:00:00,37780.67,37766.7,0.0001,37766.63934748,0.0014000000000000004
2023-11-26 08:00:00,37789.77,37773.5,0.0001,37774.46133566,0.0015000000000000005
2023-11-26 16:00:00,37437.11,37418.0,0.0001,37422.79969759,0.0016000000000000005
2023-11-27 00:00:00,37447.42,37437.9,0.0001,37438.0,0.0017000000000000006
2023-11-27 08:00:00,37283.2,37272.0,0.0001,37277.03877148,0.0018000000000000006
2023-11-27 16:00:00,36751.01,36743.3,0.0001,36744.68396735,0.0019000000000000006
2023-11-28 00:00:00,37242.7,37234.4,0.0001,37234.3,0.0020000000000000005
2023-11-28 08:00:00,37105.11,37087.2,0.0001,37088.6,0.0021000000000000003
2023-11-28 16:00:00,37513.2,37502.1,0.0001,37502.2,0.0022
2023-11-29 00:00:00,37818.88,37812.0,0.0001,37812.0,0.0023
2023-11-29 08:00:00,38096.7,38095.7,0.0001,38095.42608247,0.0024
2023-11-29 16:00:00,37830.74,37817.6,0.0001,37817.5,0.0024999999999999996
2023-11-30 00:00:00,37854.65,37837.2,0.0001,37841.92721631,0.0025999999999999994
2023-11-30 08:00:00,37792.98,37783.1,0.0001,37782.30000355,0.0026999999999999993
2023-11-30 16:00:00,37619.85,37613.9,0.0001,37609.2,0.002799999999999999
2023-12-01 00:00:00,37723.97,37716.9,0.0001,37716.8,0.002899999999999999
2023-12-01 08:00:00,38244.08,38234.9,0.0001,38242.08488652,0.0029999999999999988
2023-12-01 16:00:00,38413.51,38401.4,0.0001,38401.4,0.0030999999999999986
2023-12-02 00:00:00,38682.51,38659.9,9.95e-05,38661.09287589,0.003199499999999999
2023-12-02 08:00:00,38702.48,38683.9,6.973e-05,38684.0,0.003269229999999999
2023-12-02 16:00:00,38811.76,38786.9,8.541e-05,38794.48514894,0.003354639999999999
2023-12-03 00:00:00,39450.35,39435.1,0.0001,39438.73455824,0.003454639999999999
2023-12-03 08:00:00,39478.71,39474.1,0.0001,39474.0,0.0035546399999999987
2023-12-03 16:00:00,39760.42,39758.5,0.0001,39758.35522727,0.0036546399999999985
2023-12-04 00:00:00,39972.26,39979.8,0.0001,39978.96550379,0.0037546399999999983
2023-12-04 08:00:00,41441.1,41471.9,0.0001,41466.20294697,0.003854639999999998
2023-12-04 16:00:00,41270.32,41280.9,0.0001,41275.5,0.003954639999999998
2023-12-05 00:00:00,41991.1,41993.1,0.0001,41993.0,0.004054639999999998
2023-12-05 08:00:00,41528.0,41534.3,0.0001,41531.22250355,0.0041546399999999985
2023-12-05 16:00:00,42268.28,42266.8,0.0001,42265.96340426,0.004254639999999999
2023-12-06 00:00:00,44073.82,44081.7,0.0001,44078.62530142,0.004354639999999999
2023-12-06 08:00:00,43688.87,43697.1,0.0001,43697.0,0.004454639999999999
2023-12-06 16:00:00,43785.2,43795.3,0.0001,43795.3,0.0045546399999999996
2023-12-07 00:00:00,43762.69,43775.1,0.0001,43772.2,0.00465464
2023-12-07 08:00:00,43884.01,43899.4,0.0001,43896.71856988,0.00475464
2023-12-07 16:00:00,43659.99,43680.0,0.0001,43671.48801418,0.00485464
2023-12-08 00:00:00,43273.15,43296.0,0.0001,43296.0,0.004954640000000001
2023-12-08 08:00:00,43166.01,43184.6,0.00023288,43184.9,0.005187520000000001
2023-12-08 16:00:00,43760.94,43778.6,0.00020242,43778.5,0.005389940000000001
2023-12-09 00:00:00,44171.0,44209.6,0.00011504,44209.6,0.005504980000000001
2023-12-09 08:00:00,44180.21,44220.7,0.00030159,44220.6,0.005806570000000001
2023-12-09 16:00:00,44045.09,44088.0,0.00017192,44085.1723837,0.005978490000000001
2023-12-10 00:00:00,43713.59,43734.2,0.00020724,43734.3,0.006185730000000001
2023-12-10 08:00:00,43966.44,43995.8,0.00020383,43995.9,0.006389560000000002
2023-12-10 16:00:00,43903.74,43945.3,0.00023923,43940.82247727,0.006628790000000002
2023-12-11 00:00:00,43789.5,43810.1,0.0001473,43810.0,0.006776090000000002
2023-12-11 08:00:00,42132.52,42128.1,0.0001,42134.13747163,0.006876090000000002
2023-12-11 16:00:00,41803.43,41824.6,0.0001,41824.6,0.0069760900000000025
2023-12-12 00:00:00,41253.41,41271.1,0.0001,41271.0,0.007076090000000003
2023-12-12 08:00:00,41916.26,41930.0,0.0001,41930.0,0.007176090000000003
2023-12-12 16:00:00,41347.99,41376.7,0.0001,41373.74558712,0.007276090000000003
2023-12-13 00:00:00,41492.38,41514.9,0.00011909,41505.95203546,0.007395180000000003
2023-12-13 08:00:00,41115.28,41146.3,0.00010162,41141.22059929,0.007496800000000003
2023-12-13 16:00:00,41939.17,41960.0,0.00012601,41953.70580496,0.007622810000000003
2023-12-14 00:00:00,42869.03,42875.0,0.0001,42874.9,0.0077228100000000036
2023-12-14 08:00:00,42898.98,42910.2,0.0001,42909.64841135,0.007822810000000003
2023-12-14 16:00:00,42448.28,42454.1,0.0001,42458.7,0.007922810000000002
2023-12-15 00:00:00,43022.26,43032.3,0.0001,43030.02054255,0.008022810000000002
2023-12-15 08:00:00,42699.99,42724.8,0.0001,42721.73764894,0.008122810000000001
2023-12-15 16:00:00,41909.56,41930.4,0.0001,41930.4,0.00822281
2023-12-16 00:00:00,41940.29,41968.0,0.0001,41963.01760993,0.00832281
2023-12-16 08:00:00,42222.67,42243.0,0.0001,42242.59387667,0.00842281
2023-12-16 16:00:00,42603.99,42631.6,0.0001,42608.84540426,0.008522809999999999
2023-12-17 00:00:00,42278.02,42287.4,0.0001,42287.4,0.008622809999999998
2023-12-17 08:00:00,41886.75,41894.6,0.0001,41894.5,0.008722809999999998
2023-12-17 16:00:00,41811.37,41828.5,0.0001,41828.4,0.008822809999999997
2023-12-18 00:00:00,41374.64,41396.6,0.00013355,41390.59169858,0.008956359999999997
2023-12-18 08:00:00,41126.01,41160.0,0.0001,41153.28794086,0.009056359999999996
2023-12-18 16:00:00,41265.95,41288.0,0.00015611,41284.67062411,0.009212469999999995
2023-12-19 00:00:00,42657.8,42671.8,0.0001,42672.42150355,0.009312469999999995
2023-12-19 08:00:00,43036.17,43062.1,0.0001,43060.9801383,0.009412469999999994
2023-12-19 16:00:00,42486.85,42512.9,0.0001,42512.9,0.009512469999999993
2023-12-20 00:00:00,42275.99,42298.2,0.00010506,42296.25497656,0.009617529999999994
2023-12-20 08:00:00,42924.23,42950.0,0.0001,42950.0,0.009717529999999993
2023-12-20 16:00:00,44027.2,44078.9,0.00023637,44072.24884043,0.009953899999999993
2023-12-21 00:00:00,43668.92,43708.9,0.00027143,43698.37531584,0.010225329999999993
2023-12-21 08:00:00,43764.49,43794.9,0.00029216,43794.8,0.010517489999999992
2023-12-21 16:00:00,43824.0,43857.7,0.00028948,43850.89671986,0.010806969999999992
2023-12-22 00:00:00,43861.79,43896.4,0.00030806,43896.3,0.011115029999999993
2023-12-22 08:00:00,43584.37,43614.0,0.0002961,43614.1,0.011411129999999993
2023-12-22 16:00:00,43671.1,43699.9,0.00018011,43697.08803191,0.011591239999999994
2023-12-23 00:00:00,43969.04,43999.2,0.00016285,43998.57061702,0.011754089999999995
2023-12-23 08:00:00,43562.31,43582.1,0.0001,43579.4605307,0.011854089999999994
2023-12-23 16:00:00,43756.24,43782.0,0.00015066,43779.60935461,0.012004749999999995
2023-12-24 00:00:00,43702.15,43725.2,0.0001,43725.2,0.012104749999999994
2023-12-24 08:00:00,43651.17,43678.7,0.0002079,43678.01027288,0.012312649999999994
2023-12-24 16:00:00,43680.23,43707.1,0.00019729,43707.0,0.012509939999999994
2023-12-25 00:00:00,42991.5,43008.4,0.0001,43008.3,0.012609939999999993
2023-12-25 08:00:00,43208.15,43233.3,0.0001,43232.18695035,0.012709939999999992
2023-12-25 16:00:00,43618.01,43661.0,0.00037908,43658.66589362,0.013089019999999993
2023-12-26 00:00:00,43576.12,43611.9,0.00043391,43607.90541195,0.013522929999999992
2023-12-26 08:00:00,42774.12,42798.7,0.00023757,42798.6347803,0.013760499999999991
2023-12-26 16:00:00,42391.51,42423.1,0.00029559,42420.47853901,0.014056089999999992
2023-12-27 00:00:00,42508.93,42538.6,0.00027621,42538.5,0.014332299999999992
2023-12-27 08:00:00,42455.82,42496.0,0.00037942,42495.9,0.014711719999999992
2023-12-27 16:00:00,42980.64,43010.0,0.00032304,43007.9,0.015034759999999993
2023-12-28 00:00:00,43428.86,43453.8,0.00013021,43453.337,0.015164969999999993
2023-12-28 08:00:00,43049.17,43087.3,0.00037879,43085.57530142,0.015543759999999993
2023-12-28 16:00:00,42445.99,42485.9,0.00050152,42485.17897872,0.01604527999999999
2023-12-29 00:00:00,42563.76,42600.1,0.0005517,42600.0,0.01659697999999999
2023-12-29 08:00:00,42273.35,42314.5,0.00049912,42309.51908156,0.01709609999999999
2023-12-29 16:00:00,42271.09,42301.6,0.00047082,42298.78047872,0.01756691999999999
2023-12-30 00:00:00,42066.94,42095.1,0.00033033,42095.1,0.01789724999999999
2023-12-30 08:00:00,41947.16,41987.1,0.0004358,41979.90116312,0.01833304999999999
2023-12-30 16:00:00,42374.97,42410.4,0.00037842,42410.4,0.01871146999999999
2023-12-31 00:00:00,42140.29,42174.3,0.00027855,42173.49474823,0.01899001999999999
2023-12-31 08:00:00,42537.1,42567.0,0.00034573,42564.0,0.01933574999999999
2023-12-31 16:00:00,42457.17,42489.6,0.00033597,42489.7,0.01967171999999999
2024-01-01 00:00:00,42283.58,42314.0,0.00037409,42313.9,0.02004580999999999
2024-01-01 08:00:00,42492.46,42527.1,0.00027213,42525.11019858,0.02031793999999999
2024-01-01 16:00:00,42783.05,42818.0,0.00033601,42811.29637234,0.02065394999999999
2024-01-02 00:00:00,44179.55,44230.3,0.00065846,44230.2,0.02131240999999999
2024-01-02 08:00:00,45455.52,45495.6,0.00035179,45494.65069858,0.02166419999999999
2024-01-02 16:00:00,45184.83,45215.0,0.0005373,45212.27632624,0.022201499999999992
2024-01-03 00:00:00,44946.91,44979.7,0.00021159,44975.18398936,0.022413089999999993
2024-01-03 08:00:00,45011.77,45030.5,0.00017123,45030.4,0.022584319999999995
2024-01-03 16:00:00,43000.01,43014.0,0.0001,42995.8,0.022684319999999994
2024-01-04 00:00:00,42845.23,42849.5,0.0001,42849.5,0.022784319999999993
2024-01-04 08:00:00,42763.08,42775.1,0.0001,42774.3,0.022884319999999993
2024-01-04 16:00:00,44051.1,44050.4,0.0001,44048.47574468,0.022984319999999992
2024-01-05 00:00:00,44151.1,44143.8,0.0001,44147.0,0.02308431999999999
2024-01-05 08:00:00,43777.48,43769.6,0.0001,43772.86349645,0.02318431999999999
2024-01-05 16:00:00,43500.01,43495.1,0.0001,43495.1,0.02328431999999999
2024-01-06 00:00:00,44145.12,44145.3,0.0001,44143.29,0.02338431999999999
2024-01-06 08:00:00,43653.2,43645.4,0.0001,43651.6537695,0.02348431999999999
2024-01-06 16:00:00,43867.17,43863.6,0.0001,43863.6,0.02358431999999999
2024-01-07 00:00:00,43968.32,43956.6,0.0001,43968.00030496,0.023684319999999988
2024-01-07 08:00:00,44080.0,44071.6,0.0001,44071.99074823,0.023784319999999987
2024-01-07 16:00:00,44047.57,44034.9,0.0001,44037.12014539,0.023884319999999987
2024-01-08 00:00:00,43929.01,43916.9,0.0001,43909.5,0.023984319999999986
2024-01-08 08:00:00,43974.55,43969.9,0.0001,43970.0,0.024084319999999985
2024-01-08 16:00:00,44963.04,44969.7,0.0001,44964.26529433,0.024184319999999985
2024-01-09 00:00:00,46951.04,46972.6,0.0001,46972.6,0.024284319999999984
2024-01-09 08:00:00,46825.52,46841.0,0.0001,46838.74650709,0.024384319999999984
2024-01-09 16:00:00,46868.08,46868.9,0.0001,46872.4,0.024484319999999983
2024-01-10 00:00:00,46110.0,46113.9,0.0001,46114.0,0.024584319999999982
2024-01-10 08:00:00,45757.98,45766.3,0.0001,45766.4,0.024684319999999982
2024-01-10 16:00:00,45546.39,45569.4,0.0001,45570.58561702,0.02478431999999998
2024-01-11 00:00:00,46654.0,46663.0,0.0001,46657.58933688,0.02488431999999998
2024-01-11 08:00:00,46101.4,46096.1,0.0001,46096.00527305,0.02498431999999998
2024-01-11 16:00:00,46783.77,46813.4,0.0001,46789.70540426,0.02508431999999998
2024-01-12 00:00:00,46339.16,46337.9,0.0001,46341.69723404,0.02518431999999998
2024-01-12 08:00:00,46008.19,46002.6,0.0001,46008.31871986,0.025284319999999978
2024-01-12 16:00:00,44462.0,44495.1,0.0001,44492.64061702,0.025384319999999978
2024-01-13 00:00:00,42782.74,42789.0,0.0001,42789.0,0.025484319999999977
2024-01-13 08:00:00,43102.97,43102.1,0.0001,43102.1,0.025584319999999976
2024-01-13 16:00:00,43154.48,43159.9,0.0001,43159.76276596,0.025684319999999976
2024-01-14 00:00:00,42847.99,42846.4,0.0001,42847.30638298,0.025784319999999975
2024-01-14 08:00:00,43011.44,43012.8,0.0001,43011.58925532,0.025884319999999975
2024-01-14 16:00:00,42904.39,42908.4,0.0001,42908.4,0.025984319999999974
2024-01-15 00:00:00,41732.35,41734.9,0.0001,41739.6,0.026084319999999973
2024-01-15 08:00:00,42714.78,42713.1,0.0001,42716.86510638,0.026184319999999973
2024-01-15 16:00:00,42278.99,42278.7,0.0001,42278.82404255,0.026284319999999972
2024-01-16 00:00:00,42511.1,42515.0,0.0001,42519.39276596,0.02638431999999997
2024-01-16 08:00:00,42791.14,42788.5,0.0001,42785.20319149,0.02648431999999997
2024-01-16 16:00:00,43252.45,43251.0,0.0001,43252.8,0.02658431999999997
2024-01-17 00:00:00,43137.94,43133.0,0.0001,43140.2157695,0.02668431999999997
2024-01-17 08:00:00,42655.95,42654.0,0.0001,42657.36403546,0.02678431999999997
2024-01-17 16:00:00,42482.8,42478.2,0.0001,42480.1466859,0.02688431999999997
2024-01-18 00:00:00,42776.09,42783.3,0.0001,42781.95793262,0.026984319999999968
2024-01-18 08:00:00,42915.32,42918.3,0.0001,42915.94085106,0.027084319999999967
2024-01-18 16:00:00,42619.31,42619.0,0.0001,42618.3,0.027184319999999967
2024-01-19 00:00:00,41327.51,41323.2,0.0001,41312.34723404,0.027284319999999966
2024-01-19 08:00:00,41284.26,41281.9,0.0001,41282.0,0.027384319999999965
2024-01-19 16:00:00,40894.71,40897.1,0.0001,40897.1,0.027484319999999965
2024-01-20 00:00:00,41659.03,41662.1,0.0001,41662.1,0.027584319999999964
2024-01-20 08:00:00,41650.95,41652.4,0.0001,41650.68431818,0.027684319999999964
2024-01-20 16:00:00,41570.1,41570.2,0.0001,41568.28595745,0.027784319999999963
2024-01-21 00:00:00,41696.05,41691.8,0.0001,41693.91453546,0.027884319999999962
2024-01-21 08:00:00,41648.5,41648.5,0.0001,41648.18463415,0.027984319999999962
2024-01-21 16:00:00,41656.27,41652.7,0.0001,41652.7,0.02808431999999996
2024-01-22 00:00:00,41580.32,41579.9,0.0001,41578.57680851,0.02818431999999996
2024-01-22 08:00:00,41043.7,41042.7,0.0001,41041.20808511,0.02828431999999996
2024-01-22 16:00:00,40772.0,40775.0,0.0001,40767.10361702,0.02838431999999996
2024-01-23 00:00:00,39568.02,39567.1,0.0001,39566.15381552,0.02848431999999996
2024-01-23 08:00:00,39780.01,39773.9,0.0001,39777.14965957,0.028584319999999958
2024-01-23 16:00:00,39204.0,39197.5,0.0001,39204.77723404,0.028684319999999958
2024-01-24 00:00:00,39897.59,39889.9,0.0001,39891.9286553,0.028784319999999957
2024-01-24 08:00:00,39981.09,39979.5,0.0001,39973.35340426,0.028884319999999956
2024-01-24 16:00:00,40050.72,40046.7,0.0001,40048.44006491,0.028984319999999956
2024-01-25 00:00:00,40084.89,40078.8,0.0001,40078.8,0.029084319999999955
2024-01-25 08:00:00,40130.0,40119.6,0.0001,40122.98766288,0.029184319999999955
2024-01-25 16:00:00,39804.23,39793.6,0.0001,39799.30407092,0.029284319999999954
2024-01-26 00:00:00,39961.09,39953.3,0.0001,39953.3,0.029384319999999953
2024-01-26 08:00:00,39970.0,39956.0,0.0001,39957.97820833,0.029484319999999953
2024-01-26 16:00:00,41422.98,41399.8,0.0001,41408.24000758,0.029584319999999952
2024-01-27 00:00:00,41823.51,41806.4,8.966e-05,41806.4,0.02967397999999995
2024-01-27 08:00:00,41710.15,41699.0,0.0001,41699.0,0.02977397999999995
2024-01-27 16:00:00,41813.99,41797.5,8.3e-05,41797.4,0.02985697999999995
2024-01-28 00:00:00,42120.63,42102.2,0.0001,42102.2,0.02995697999999995
2024-01-28 08:00:00,42388.82,42370.0,4.725e-05,42370.0,0.030004229999999948
2024-01-28 16:00:00,42258.0,42244.5,0.0001,42244.5,0.030104229999999947
2024-01-29 00:00:00,42031.05,42021.2,0.0001,42021.3,0.030204229999999947
2024-01-29 08:00:00,42053.45,42040.0,9.142e-05,42040.0,0.030295649999999945
2024-01-29 16:00:00,42641.75,42623.1,0.0001,42626.51582979,0.030395649999999944
2024-01-30 00:00:00,43302.71,43287.6,0.0001,43287.7,0.030495649999999944
2024-01-30 08:00:00,43358.24,43346.7,9.492e-05,43346.6,0.030590569999999942
2024-01-30 16:00:00,43375.5,43355.4,5.149e-05,43355.4,0.030642059999999943
2024-01-31 00:00:00,42941.1,42918.3,2.154e-05,42925.49865957,0.030663599999999944
2024-01-31 08:00:00,43050.01,43031.5,0.0001,43040.12039716,0.030763599999999943
2024-01-31 16:00:00,43361.11,43341.9,0.0001,43348.2,0.030863599999999942
2024-02-01 00:00:00,42580.0,42560.5,0.0001,42563.08635461,0.030963599999999942
2024-02-01 08:00:00,42190.15,42182.3,0.0001,42182.2,0.03106359999999994
2024-02-01 16:00:00,42516.12,42500.0,0.0001,42500.13148936,0.03116359999999994
2024-02-02 00:00:00,43082.95,43072.6,0.0001,43072.6,0.03126359999999994
2024-02-02 08:00:00,43086.9,43076.0,0.0001,43085.75394326,0.03136359999999994
2024-02-02 16:00:00,43242.1,43222.9,0.0001,43224.06110638,0.031463599999999946
2024-02-03 00:00:00,43199.99,43182.0,7.627e-05,43182.0,0.03153986999999995
2024-02-03 08:00:00,43053.05,43037.1,9.042e-05,43037.0,0.03163028999999995
2024-02-03 16:00:00,43119.06,43097.5,8.028e-05,43098.7902305,0.03171056999999995
2024-02-04 00:00:00,43011.1,42992.4,8.307e-05,42993.33852128,0.03179363999999995
2024-02-04 08:00:00,42845.03,42822.8,8.846e-05,42824.48293972,0.03188209999999995
2024-02-04 16:00:00,42943.2,42926.7,0.0001,42926.7,0.03198209999999995
2024-02-05 00:00:00,42582.88,42570.3,0.0001,42570.4,0.032082099999999954
2024-02-05 08:00:00,43071.87,43058.9,0.0001,43059.0,0.03218209999999996
2024-02-05 16:00:00,42644.04,42629.7,0.0001,42629.6,0.03228209999999996
2024-02-06 00:00:00,42708.7,42692.9,0.0001,42693.5927695,0.03238209999999996
2024-02-06 08:00:00,42889.99,42870.0,6.723e-05,42875.22371986,0.032449329999999964
2024-02-06 16:00:00,43244.89,43232.0,0.0001,43232.25541135,0.03254932999999997
2024-02-07 00:00:00,43098.96,43079.1,7.527e-05,43079.1,0.03262459999999997
2024-02-07 08:00:00,42918.02,42904.9,5.373e-05,42904.8,0.03267832999999997
2024-02-07 16:00:00,43071.08,43057.7,8.306e-05,43052.5,0.032761389999999974
2024-02-08 00:00:00,44349.6,44326.3,0.0001,44326.22497872,0.032861389999999976
2024-02-08 08:00:00,44513.25,44500.8,6.535e-05,44499.74975887,0.032926739999999975
2024-02-08 16:00:00,45432.3,45406.4,2.59e-05,45411.12230496,0.03295263999999998
2024-02-09 00:00:00,45288.66,45269.2,3.16e-05,45269.2,0.03298423999999998
2024-02-09 08:00:00,46202.01,46185.1,0.0001,46189.13810284,0.03308423999999998
2024-02-09 16:00:00,47159.99,47137.0,9.801e-05,47136.9,0.03318224999999998
2024-02-10 00:00:00,47132.78,47116.1,8.041e-05,47116.64691288,0.033262659999999986
2024-02-10 08:00:00,47151.72,47130.6,0.0001,47132.3889697,0.03336265999999999
2024-02-10 16:00:00,47353.48,47331.9,0.0001,47334.5777112,0.03346265999999999
2024-02-11 00:00:00,47751.08,47732.6,0.0001,47734.61973485,0.033562659999999994
2024-02-11 08:00:00,48179.51,48169.5,0.0001,48169.53924621,0.03366266
2024-02-11 16:00:00,48150.43,48140.7,0.0001,48145.85068561,0.03376266
2024-02-12 00:00:00,48300.0,48303.4,0.0001,48298.07332955,0.03386266
2024-02-12 08:00:00,48203.98,48213.0,0.0001,48206.78867803,0.033962660000000006
2024-02-12 16:00:00,49917.8,49925.5,0.0001,49919.4,0.03406266000000001
2024-02-13 00:00:00,49917.28,49943.6,0.0001,49935.64595076,0.03416266000000001
2024-02-13 08:00:00,49983.09,50019.8,0.0001,50016.04285106,0.034262660000000014
2024-02-13 16:00:00,48727.47,48753.2,0.0001,48753.2,0.03436266000000002
2024-02-14 00:00:00,49699.6,49696.4,0.0001,49697.29248227,0.03446266000000002
2024-02-14 08:00:00,49838.93,49844.9,0.0001,49841.90018794,0.03456266000000002
2024-02-14 16:00:00,51590.0,51616.5,0.00012283,51610.33415603,0.03468549000000002
2024-02-15 00:00:00,51795.17,51823.1,0.0001,51816.90327305,0.03478549000000002
2024-02-15 08:00:00,51776.6,51802.5,0.0001,51802.4,0.034885490000000026
2024-02-15 16:00:00,51948.24,51968.6,0.0001,51961.58883688,0.03498549000000003
2024-02-16 00:00:00,51880.01,51898.4,0.0001,51899.1,0.03508549000000003
2024-02-16 08:00:00,51732.0,51786.4,0.0001,51779.57268794,0.035185490000000035
2024-02-16 16:00:00,51888.01,51909.2,0.0001,51909.3,0.03528549000000004
2024-02-17 00:00:00,52124.1,52148.7,0.0001,52145.88278014,0.03538549000000004
2024-02-17 08:00:00,51911.34,51933.9,0.0001,51934.0,0.03548549000000004
2024-02-17 16:00:00,50984.56,51013.4,0.00016041,51013.4,0.03564590000000004
2024-02-18 00:00:00,51642.64,51679.5,0.0001724,51675.01974242,0.035818300000000046
2024-02-18 08:00:00,51671.1,51703.7,0.00015305,51697.70652273,0.03597135000000005
2024-02-18 16:00:00,51774.0,51809.0,0.00017095,51809.0,0.03614230000000005
2024-02-19 00:00:00,52137.68,52175.9,0.00023064,52163.39962677,0.03637294000000005
2024-02-19 08:00:00,52394.04,52424.0,0.00019594,52423.9,0.03656888000000005
2024-02-19 16:00:00,52127.99,52157.5,0.00013327,52158.9,0.036702150000000044
2024-02-20 00:00:00,51774.74,51813.7,0.00010461,51813.08142803,0.03680676000000004
2024-02-20 08:00:00,51839.28,51869.2,0.00010912,51868.89496454,0.03691588000000004
2024-02-20 16:00:00,51679.99,51712.7,0.00020259,51703.73815248,0.03711847000000004
2024-02-21 00:00:00,52258.82,52297.3,0.0001,52297.4,0.037218470000000045
2024-02-21 08:00:00,51568.64,51599.9,0.00011242,51595.13521986,0.03733089000000005
2024-02-21 16:00:00,51156.0,51183.6,0.0001,51183.7,0.03743089000000005
2024-02-22 00:00:00,51849.38,51877.9,0.0001,51877.9,0.03753089000000005
2024-02-22 08:00:00,51827.63,51860.6,0.0001348,51856.75509429,0.03766569000000005
2024-02-22 16:00:00,51602.41,51630.0,0.00012557,51630.0,0.03779126000000005
2024-02-23 00:00:00,51288.42,51316.9,0.0001,51315.77902837,0.03789126000000005
2024-02-23 08:00:00,50915.95,50952.3,0.0001,50947.90000721,0.037991260000000054
2024-02-23 16:00:00,50911.1,50938.2,0.00012991,50934.48172469,0.03812117000000005
2024-02-24 00:00:00,50744.15,50771.9,0.0001,50759.00207801,0.038221170000000054
2024-02-24 08:00:00,51068.7,51099.8,0.0001,51094.97830142,0.03832117000000006
2024-02-24 16:00:00,51099.35,51124.7,0.0001,51124.6,0.03842117000000006
2024-02-25 00:00:00,51568.21,51602.1,0.00011438,51601.57573485,0.03853555000000006
2024-02-25 08:00:00,51719.28,51756.9,0.00015012,51747.27246212,0.038685670000000054
2024-02-25 16:00:00,51524.02,51547.9,0.00015062,51547.9,0.03883629000000005
2024-02-26 00:00:00,51728.85,51764.9,0.00026761,51758.94718182,0.03910390000000005
2024-02-26 08:00:00,51293.26,51327.5,0.00021567,51326.60957197,0.039319570000000054
2024-02-26 16:00:00,52842.33,52872.2,0.00027227,52868.43844318,0.03959184000000005
2024-02-27 00:00:00,54476.48,54511.7,0.00032262,54511.6,0.039914460000000054
2024-02-27 08:00:00,56059.09,56100.1,0.00073521,56100.1,0.040649670000000054
2024-02-27 16:00:00,56745.66,56775.1,0.00022965,56772.2842234,0.04087932000000005
2024-02-28 00:00:00,57037.35,57074.5,0.00026729,57074.35007447,0.041146610000000056
2024-02-28 08:00:00,58241.09,58299.9,0.00023682,58285.92319504,0.041383430000000054
2024-02-28 16:00:00,60966.22,61000.0,0.00053538,60999.3082305,0.041918810000000056
2024-02-29 00:00:00,62432.11,62487.9,0.00069091,62477.4815864,0.04260972000000006
2024-02-29 08:00:00,62707.17,62761.6,0.00076337,62755.48857737,0.04337309000000006
2024-02-29 16:00:00,62768.01,62809.1,0.00057031,62809.1,0.043943400000000056
2024-03-01 00:00:00,61130.99,61203.3,0.00053322,61203.4,0.04447662000000006
2024-03-01 08:00:00,61434.0,61485.9,0.00064824,61474.21160638,0.04512486000000006
2024-03-01 16:00:00,61263.98,61335.4,0.0004601,61335.4,0.045584960000000056
2024-03-02 00:00:00,62387.9,62430.6,0.00033426,62426.84994681,0.04591922000000006
2024-03-02 08:00:00,62011.85,62071.9,0.00057174,62071.9,0.04649096000000006
2024-03-02 16:00:00,61771.21,61834.5,0.00056396,61834.6,0.04705492000000006
2024-03-03 00:00:00,61987.28,62039.9,0.00046267,62039.9,0.04751759000000006
2024-03-03 08:00:00,61598.01,61641.0,0.00042989,61641.1,0.04794748000000006
2024-03-03 16:00:00,62164.63,62210.8,0.00044598,62210.7,0.04839346000000006
2024-03-04 00:00:00,63113.97,63178.5,0.00055071,63178.6,0.048944170000000065
2024-03-04 08:00:00,64066.62,64120.6,0.00046833,64120.5,0.04941250000000007
2024-03-04 16:00:00,66451.65,66505.4,0.0006362,66504.19310494,0.05004870000000007
2024-03-05 00:00:00,68245.71,68296.5,0.0004896,68296.4,0.05053830000000007
2024-03-05 08:00:00,66129.64,66223.8,0.00082969,66223.7,0.05136799000000007
2024-03-05 16:00:00,66773.05,66839.8,0.00088148,66840.7,0.05224947000000007
2024-03-06 00:00:00,63724.01,63747.5,0.0003628,63737.46570213,0.05261227000000007
2024-03-06 08:00:00,66676.46,66759.3,0.00033876,66733.45835461,0.05295103000000007
2024-03-06 16:00:00,66481.12,66541.3,0.00049354,66534.41841489,0.05344457000000007
2024-03-07 00:00:00,66074.04,66128.0,0.00030311,66118.62122727,0.053747680000000075
2024-03-07 08:00:00,66387.77,66447.8,0.00040984,66447.8,0.05415752000000008
2024-03-07 16:00:00,67260.01,67317.2,0.00054217,67317.1,0.05469969000000008
2024-03-08 00:00:00,66823.18,66870.0,0.00034819,66869.9,0.05504788000000008
2024-03-08 08:00:00,67223.02,67308.5,0.00043497,67302.03139394,0.05548285000000008
2024-03-08 16:00:00,67617.6,67685.8,0.00062913,67699.7,0.056111980000000075
2024-03-09 00:00:00,68124.2,68180.2,0.00019134,68174.9926773,0.05630332000000007
2024-03-09 08:00:00,68288.64,68336.3,0.00031281,68336.4,0.05661613000000007
2024-03-09 16:00:00,68288.19,68341.5,0.00026407,68340.09113121,0.05688020000000007
2024-03-10 00:00:00,68313.28,68360.2,0.0003101,68360.1,0.05719030000000007
2024-03-10 08:00:00,69347.16,69429.9,0.00063451,69424.70837234,0.05782481000000007
2024-03-10 16:00:00,69194.83,69254.6,0.00054479,69254.7,0.05836960000000007
2024-03-11 00:00:00,68955.88,69001.8,0.00035489,69000.0,0.05872449000000007
2024-03-11 08:00:00,71019.99,71223.9,0.00078428,71203.54634442,0.059508770000000065
2024-03-11 16:00:00,72010.01,72061.3,0.00066396,72056.4,0.06017273000000006
2024-03-12 00:00:00,72078.1,72153.9,0.0004447,72153.9,0.06061743000000006
2024-03-12 08:00:00,72121.1,72175.6,0.000453,72175.5,0.061070430000000064
2024-03-12 16:00:00,71703.41,71779.2,0.00047935,71771.34852113,0.06154978000000007
2024-03-13 00:00:00,71452.0,71503.3,0.00033224,71506.8,0.061882020000000065
2024-03-13 08:00:00,72855.15,72964.1,0.0006442,72962.13824516,0.06252622000000006
2024-03-13 16:00:00,72634.95,72670.2,0.00045402,72670.2,0.06298024000000006
2024-03-14 00:00:00,73072.4,73127.6,0.00024393,73120.70119365,0.06322417000000007
2024-03-14 08:00:00,73224.0,73280.7,0.00038753,73280.7,0.06361170000000006
2024-03-14 16:00:00,70844.0,70904.5,0.00038258,70904.4,0.06399428000000006
2024-03-15 00:00:00,71388.94,71455.6,0.00038515,71453.22446454,0.06437943000000006
2024-03-15 08:00:00,68448.28,68487.4,0.00014328,68487.4,0.06452271000000005
2024-03-15 16:00:00,68157.07,68199.2,0.00015306,68191.10550016,0.06467577000000005
2024-03-16 00:00:00,69499.84,69552.1,0.0001,69517.88923404,0.06477577000000005
2024-03-16 08:00:00,69432.45,69490.2,0.00023202,69477.38707245,0.06500779000000005
2024-03-16 16:00:00,68385.58,68431.9,0.00020813,68423.44776418,0.06521592000000005
2024-03-17 00:00:00,65300.64,65351.0,0.00013089,65350.9,0.06534681000000005
2024-03-17 08:00:00,65636.68,65681.1,0.00017773,65688.6,0.06552454000000005
2024-03-17 16:00:00,67965.51,68009.9,0.00024827,68006.97658156,0.06577281000000004
2024-03-18 00:00:00,68393.47,68447.9,0.00020181,68448.0,0.06597462000000004
2024-03-18 08:00:00,68218.38,68262.9,0.00030597,68259.58774823,0.06628059000000004
2024-03-18 16:00:00,67467.19,67509.2,0.00027195,67509.1,0.06655254000000005
2024-03-19 00:00:00,67610.0,67660.0,0.00026923,67648.11833623,0.06682177000000004
2024-03-19 08:00:00,64704.23,64742.1,0.00029065,64738.78331206,0.06711242000000005
2024-03-19 16:00:00,64051.85,64084.1,0.00024018,64080.74999621,0.06735260000000005
2024-03-20 00:00:00,61937.41,61974.1,0.00015847,61974.0,0.06751107000000005
2024-03-20 08:00:00,62957.85,62995.1,0.00018388,62996.5,0.06769495000000005
2024-03-20 16:00:00,63600.37,63648.9,0.0001,63641.4059286,0.06779495000000005
2024-03-21 00:00:00,67840.51,67876.4,0.00010403,67863.7,0.06789898000000005
2024-03-21 08:00:00,66985.19,67031.8,0.00019304,67030.14523864,0.06809202000000006
2024-03-21 16:00:00,66557.77,66601.6,0.0001951,66589.30761364,0.06828712000000006
2024-03-22 00:00:00,65501.28,65539.9,0.00016271,65538.7,0.06844983000000006
2024-03-22 08:00:00,66178.01,66223.3,0.0001,66217.1362234,0.06854983000000006
2024-03-22 16:00:00,63877.04,63920.0,0.00011993,63904.4291844,0.06866976000000007
2024-03-23 00:00:00,63796.64,63826.1,0.0001,63813.37344681,0.06876976000000007
2024-03-23 08:00:00,64575.41,64606.6,0.0001,64606.5,0.06886976000000007
2024-03-23 16:00:00,65104.06,65147.4,0.00010806,65141.7150922,0.06897782000000006
2024-03-24 00:00:00,63990.02,64020.4,0.00010351,64020.3,0.06908133000000007
2024-03-24 08:00:00,64583.44,64624.6,0.00014616,64622.20133333,0.06922749000000007
2024-03-24 16:00:00,65673.36,65718.6,0.00015884,65710.93932745,0.06938633000000007
2024-03-25 00:00:00,67210.0,67260.9,0.00025549,67255.74783333,0.06964182000000006
2024-03-25 08:00:00,66821.19,66866.5,0.00016324,66866.6,0.06980506000000006
2024-03-25 16:00:00,69792.06,69844.5,0.00028815,69837.28693262,0.07009321000000006
2024-03-26 00:00:00,69880.0,69920.6,0.00021963,69920.5,0.07031284000000006
2024-03-26 08:00:00,70486.38,70535.0,0.00018348,70516.73747518,0.07049632000000006
2024-03-26 16:00:00,70250.01,70307.0,0.00026764,70307.1,0.07076396000000006
2024-03-27 00:00:00,69987.99,70044.2,0.00028757,70039.82099291,0.07105153000000006
2024-03-27 08:00:00,69726.0,69797.5,0.00029551,69776.11503546,0.07134704000000006
2024-03-27 16:00:00,68873.99,68922.1,0.00043631,68921.6919539,0.07178335000000005
2024-03-28 00:00:00,69469.99,69532.6,0.00024195,69532.6,0.07202530000000006
2024-03-28 08:00:00,70399.04,70457.0,0.00029899,70449.15108511,0.07232429000000005
2024-03-28 16:00:00,71290.38,71335.2,0.0002943,71320.0209078,0.07261859000000005
2024-03-29 00:00:00,70780.6,70838.8,0.0001825,70833.5853617,0.07280109000000005
2024-03-29 08:00:00,69794.01,69855.6,0.00025456,69853.35957447,0.07305565000000006
2024-03-29 16:00:00,69179.99,69240.4,0.0003017,69219.28912057,0.07335735000000006
2024-03-30 00:00:00,69850.53,69903.6,0.00019624,69898.73039007,0.07355359000000006
2024-03-30 08:00:00,69852.18,69900.2,0.00032267,69902.0,0.07387626000000005
2024-03-30 16:00:00,69999.99,70065.0,0.0003436,70057.7249405,0.07421986000000005
2024-03-31 00:00:00,69582.17,69642.0,0.00032351,69636.36575177,0.07454337000000005
2024-03-31 08:00:00,70301.72,70367.5,0.00039889,70353.76273404,0.07494226000000005
2024-03-31 16:00:00,70381.13,70446.2,0.00040301,70446.1,0.07534527000000005
2024-04-01 00:00:00,71280.0,71363.0,0.00070161,71363.0,0.07604688000000005
2024-04-01 08:00:00,69594.94,69637.0,0.00033491,69636.12130851,0.07638179000000005
2024-04-01 16:00:00,68237.15,68280.9,0.00027469,68284.83075177,0.07665648000000004
2024-04-02 00:00:00,69649.81,69700.0,0.00010926,69700.0,0.07676574000000004
2024-04-02 08:00:00,66455.5,66503.4,0.0001,66501.27906028,0.07686574000000004
2024-04-02 16:00:00,64889.99,64928.2,0.00016456,64922.16995035,0.07703030000000004
2024-04-03 00:00:00,65463.99,65502.4,0.0001,65488.95697163,0.07713030000000004
2024-04-03 08:00:00,66135.98,66181.2,0.0001,66172.55866471,0.07723030000000004
2024-04-03 16:00:00,65836.02,65873.9,0.0001,65867.4,0.07733030000000005
2024-04-04 00:00:00,65963.27,65971.8,0.0001,65971.50290071,0.07743030000000005
2024-04-04 08:00:00,66091.59,66104.7,0.0001,66097.48730496,0.07753030000000005
2024-04-04 16:00:00,67648.0,67631.7,0.0001,67631.7,0.07763030000000005
2024-04-05 00:00:00,68487.8,68489.8,0.0001,68489.8,0.07773030000000006
2024-04-05 08:00:00,66930.75,66937.4,0.0001,66931.37729274,0.07783030000000006
2024-04-05 16:00:00,68190.62,68200.0,0.0001,68207.38882979,0.07793030000000006
2024-04-06 00:00:00,67820.63,67825.8,0.0001,67823.48319149,0.07803030000000007
2024-04-06 08:00:00,67992.02,67985.1,0.0001,67985.2,0.07813030000000007
2024-04-06 16:00:00,68104.01,68094.0,0.0001,68094.0,0.07823030000000007
2024-04-07 00:00:00,68896.0,68901.5,0.0001,68892.1980922,0.07833030000000007
2024-04-07 08:00:00,69364.0,69367.3,0.0001,69367.4,0.07843030000000008
2024-04-07 16:00:00,69543.73,69567.9,0.0001,69560.34690071,0.07853030000000008
2024-04-08 00:00:00,69360.38,69362.7,0.0001,69362.7,0.07863030000000008
2024-04-08 08:00:00,70698.64,70745.4,0.0001,70726.91580142,0.07873030000000009
2024-04-08 16:00:00,71773.98,71815.7,0.00035189,71815.7,0.07908219000000008
2024-04-09 00:00:00,71620.0,71678.3,0.00020915,71675.677,0.07929134000000009
2024-04-09 08:00:00,70383.98,70444.1,0.00020603,70434.57300709,0.07949737000000008
2024-04-09 16:00:00,69264.0,69322.8,0.00019061,69302.80935461,0.07968798000000007
2024-04-10 00:00:00,69146.0,69189.2,0.00011929,69189.2,0.07980727000000007
2024-04-10 08:00:00,69336.27,69381.6,0.00012457,69375.34143262,0.07993184000000007
2024-04-10 16:00:00,68657.31,68688.0,0.0001,68687.9,0.08003184000000008
2024-04-11 00:00:00,70631.08,70681.8,0.00013979,70674.32305943,0.08017163000000008
2024-04-11 08:00:00,70736.0,70789.1,0.00020153,70780.71202837,0.08037316000000008
2024-04-11 16:00:00,70000.0,70045.9,0.00019763,70045.9,0.08057079000000009
2024-04-12 00:00:00,70006.22,70055.6,0.00011258,70048.05615603,0.08068337000000009
2024-04-12 08:00:00,70764.0,70825.9,0.0002563,70825.9,0.08093967000000009
2024-04-12 16:00:00,69347.3,69374.0,0.00012214,69375.1,0.0810618100000001
2024-04-13 00:00:00,67116.52,67136.4,0.0001,67148.9,0.0811618100000001
2024-04-13 08:00:00,67446.53,67466.1,0.0001,67466.1,0.0812618100000001
2024-04-13 16:00:00,67675.99,67683.2,0.0001,67683.1,0.0813618100000001
2024-04-14 00:00:00,63924.52,63939.7,0.0001,63925.03126241,0.0814618100000001
2024-04-14 08:00:00,64464.3,64449.9,0.0001,64455.64639007,0.08156181000000011
2024-04-14 16:00:00,64180.98,64163.3,0.0001,64164.20358156,0.08166181000000011
2024-04-15 00:00:00,65661.85,65615.9,0.0001,65624.38156028,0.08176181000000012
2024-04-15 08:00:00,66263.84,66224.9,1.759e-05,66235.58104965,0.08177940000000011
2024-04-15 16:00:00,64568.8,64552.6,0.0001,64545.8,0.08187940000000012
2024-04-16 00:00:00,63419.99,63392.8,5.953e-05,63392.8,0.08193893000000012
2024-04-16 08:00:00,63516.18,63488.0,9.525e-05,63487.9,0.08203418000000012
2024-04-16 16:00:00,61762.19,61749.2,3.513e-05,61753.05706383,0.08206931000000012
2024-04-17 00:00:00,63793.4,63764.9,6.375e-05,63775.629,0.08213306000000012
2024-04-17 08:00:00,63297.85,63260.7,3.574e-05,63257.26621277,0.08216880000000013
2024-04-17 16:00:00,60304.95,60274.0,6.534e-05,60280.74173759,0.08223414000000012
2024-04-18 00:00:00,61277.38,61254.5,6.937e-05,61254.5,0.08230351000000012
2024-04-18 08:00:00,61178.08,61154.6,5.982e-05,61154.7,0.08236333000000012
2024-04-18 16:00:00,63498.69,63473.9,-3.334e-05,63474.0,0.08232999000000012
2024-04-19 00:00:00,63470.09,63445.0,-3.12e-05,63445.0,0.08229879000000012
2024-04-19 08:00:00,64547.18,64519.5,6.641e-05,64517.9,0.08236520000000012
2024-04-19 16:00:00,64437.18,64417.6,5.88e-05,64425.67251773,0.08242400000000012
2024-04-20 00:00:00,63818.01,63787.4,0.0001,63787.4,0.08252400000000013
2024-04-20 08:00:00,63961.22,63938.0,-7.66e-06,63937.9,0.08251634000000012
2024-04-20 16:00:00,64808.35,64771.0,4.204e-05,64779.48886525,0.08255838000000011
2024-04-21 00:00:00,64940.58,64897.2,3.186e-05,64905.14994326,0.0825902400000001
2024-04-21 08:00:00,65150.67,65109.8,-2.093e-05,65110.09575935,0.0825693100000001
2024-04-21 16:00:00,65043.7,65014.9,8.271e-05,65016.22880142,0.0826520200000001
2024-04-22 00:00:00,64941.15,64912.7,4.409e-05,64912.6,0.0826961100000001
2024-04-22 08:00:00,65980.01,65943.8,2.497e-05,65943.87257447,0.0827210800000001
2024-04-22 16:00:00,65994.39,65966.8,8.98e-06,65964.3,0.0827300600000001
2024-04-23 00:00:00,66819.32,66777.9,-1.236e-05,66788.36807801,0.0827177000000001
2024-04-23 08:00:00,66099.79,66079.9,5.24e-05,66080.0,0.0827701000000001
2024-04-23 16:00:00,66419.56,66393.2,-1.083e-05,66380.6,0.08275927000000009
2024-04-24 00:00:00,66414.0,66386.2,1.413e-05,66386.3,0.0827734000000001
2024-04-24 08:00:00,66630.89,66588.9,5.302e-05,66593.33268794,0.0828264200000001
2024-04-24 16:00:00,64610.1,64593.5,7.047e-05,64598.8,0.0828968900000001
2024-04-25 00:00:00,64289.58,64250.0,7.02e-05,64255.45886525,0.0829670900000001
2024-04-25 08:00:00,64017.99,63996.2,4.069e-05,63991.2496383,0.0830077800000001
2024-04-25 16:00:00,64135.93,64091.6,1.14e-05,64103.02705674,0.0830191800000001
2024-04-26 00:00:00,64498.33,64478.8,1.709e-05,64478.7,0.08303627000000009
2024-04-26 08:00:00,64276.94,64236.7,6.85e-06,64238.35636879,0.0830431200000001
2024-04-26 16:00:00,63503.22,63481.2,5.562e-05,63481.3,0.0830987400000001
2024-04-27 00:00:00,63770.0,63748.7,0.0001,63748.8,0.0831987400000001
2024-04-27 08:00:00,62966.84,62944.3,7.47e-05,62944.2,0.0832734400000001
2024-04-27 16:00:00,62951.75,62928.3,2.834e-05,62930.3845461,0.0833017800000001
2024-04-28 00:00:00,63461.98,63420.9,1.006e-05,63426.63009929,0.08331184000000011
2024-04-28 08:00:00,63915.5,63883.2,-2.081e-05,63883.1,0.08329103000000011
2024-04-28 16:00:00,63540.0,63508.5,2.782e-05,63508.6,0.08331885000000011
2024-04-29 00:00:00,63118.62,63088.4,2.472e-05,63088.4,0.08334357000000012
2024-04-29 08:00:00,62399.98,62362.1,5.544e-05,62367.26310638,0.08339901000000012
2024-04-29 16:00:00,63039.07,63012.2,6.828e-05,63012.0,0.08346729000000012
2024-04-30 00:00:00,63866.0,63842.4,9.74e-05,63832.2,0.08356469000000012
2024-04-30 08:00:00,63148.74,63123.7,9.154e-05,63123.7,0.08365623000000012
2024-04-30 16:00:00,60796.86,60764.9,0.0001,60771.32493617,0.08375623000000013
2024-05-01 00:00:00,60672.01,60651.2,0.0001,60651.1,0.08385623000000013
2024-05-01 08:00:00,57500.0,57482.0,8.946e-05,57476.7,0.08394569000000013
2024-05-01 16:00:00,56886.0,56865.3,9.902e-05,56865.26551064,0.08404471000000013
2024-05-02 00:00:00,58364.97,58307.7,6.634e-05,58312.12589362,0.08411105000000013
2024-05-02 08:00:00,57681.08,57645.0,6.169e-05,57646.04275887,0.08417274000000013
2024-05-02 16:00:00,59264.16,59230.8,-1.23e-06,59229.39228369,0.08417151000000013
2024-05-03 00:00:00,59060.6,59036.7,-1.549e-05,59037.02063121,0.08415602000000012
2024-05-03 08:00:00,59190.74,59158.1,-3.764e-05,59158.1,0.08411838000000012
2024-05-03 16:00:00,61690.74,61662.2,8.091e-05,61662.1,0.08419929000000012
2024-05-04 00:00:00,62882.01,62853.7,2.703e-05,62853.7,0.08422632000000012
2024-05-04 08:00:00,62959.03,62931.4,7.455e-05,62933.77334752,0.08430087000000012
2024-05-04 16:00:00,63609.17,63590.1,6.265e-05,63590.0,0.08436352000000012
2024-05-05 00:00:00,63892.03,63864.3,6.906e-05,63864.2,0.08443258000000012
2024-05-05 08:00:00,63736.86,63697.1,6.47e-06,63702.80847518,0.08443905000000011
2024-05-05 16:00:00,64428.64,64398.1,3.893e-05,64398.1,0.08447798000000012
2024-05-06 00:00:00,64012.0,63987.9,6.02e-06,63988.0,0.08448400000000011
